K-centers for k= 2
[[-2.212780260962789, 0.2912491080290067], [1.1063901304813952, -0.14562455401450325]]
K-centers for k= 3
[[-2.212780260962789, 0.2912491080290067], [1.716618287092458, 0.5979020618962573], [0.5652444066942256, -0.8049783454825361]]
K-centers for k= 4
[[0.976994808273778, -0.14822793692278635], [0.14546887454500237, -1.3970026776258087], [2.050341310263057, 0.8538877896998922], [-2.2198684751400157, 0.34453826654365266]]
K-centers for k= 5
[[-2.2198684751400157, 0.34453826654365266], [0.8643844103529771, -0.3344887674008007], [1.6080280988404176, 0.5928190744244427], [2.674378756988365, 1.3003572024321544], [0.148953850792834, -1.4774019547745192]]
K-centers for k= 6
[[0.8363758013824318, -0.36040587713552746], [-2.2198684751400157, 0.34453826654365266], [2.152175675129641, 0.47321829058327264], [0.148953850792834, -1.4774019547745192], [2.332524324024897, 2.360221106798321], [1.168977993873562, 0.6168674337806938]]
K-centers for k= 7
[[1.3450231712100778, -0.7732310179789823], [-2.2397681619642906, -0.6614906110311237], [2.085527746934507, 0.8536528710500535], [0.8197917812063539, 0.09931590570327968], [0.10697267800525527, -1.289031685242457], [-2.2315061938910294, 1.5040581517570004], [-2.174400295378887, 0.3640279172194506]]
K-centers for k= 8
[[-2.2343580191724173, 1.5502899018681482], [-2.285512931439017, 0.3080139401800916], [1.9050793029515787, 0.5728468891124123], [2.332524324024897, 2.360221106798321], [-2.010591840680628, 0.5212050369289611], [0.29051568446165943, -1.424837130428588], [0.8438966819408783, -0.20064656520961713], [-2.2397681619642906, -0.6614906110311237]]
Maximum NMI is for k=  2
Maximum NMI= 0.733680436651211
